clip                          ctrl_f1  ctrl_hfp  ctrl_rec | stage1_f1  s1_hfp  s1_rec |  seed_f1  seed_hfp seed_rec
73VurrTKCZ8_rally_0001         0.1250   0.8750   0.1250   0.2326   0.3750   0.2083   0.1739   0.3750   0.1667
73VurrTKCZ8_rally_0002         0.3706   0.6780   0.3919   0.3856   0.6610   0.3986   0.4178   0.3390   0.4122
73VurrTKCZ8_rally_0003         0.0000   0.6667   0.0000   0.4118   0.3333   0.3889   0.4000   0.3333   0.3889
73VurrTKCZ8_rally_0004         0.8000   0.0000   0.6667   0.0000   1.0000   0.0000   0.4000   1.0000   0.3333
73VurrTKCZ8_rally_0005         0.0800   0.0000   0.0625   0.3333   1.0000   0.3125   0.3750   1.0000   0.3750
73VurrTKCZ8_rally_0006         0.1875   0.5000   0.1765   0.4286   0.5000   0.3529   0.4516   0.5000   0.4118
73VurrTKCZ8_rally_0007         0.0000   1.0000   0.0000   0.7143   0.0000   0.7143   0.7692   0.0000   0.7143
73VurrTKCZ8_rally_0008         0.0308   0.8000   0.0294   0.4769   0.1500   0.4559   0.4122   0.2000   0.3971
Ezz6HDNHlnk_rally_0001         0.2000   1.0000   0.2500   0.0000   1.0000   0.0000   0.6667   0.0000   0.5000
Ezz6HDNHlnk_rally_0002         0.2687   0.8600   0.3273   0.0127   0.9800   0.0182   0.5045   0.3600   0.5091
Ezz6HDNHlnk_rally_0003         0.0000   1.0000   0.0000   0.0000   1.0000   0.0000   1.0000   0.0000   1.0000
Ezz6HDNHlnk_rally_0004         0.2741   0.7849   0.3553   0.0247   0.9892   0.0395   0.6375   0.1828   0.6711
Ezz6HDNHlnk_rally_0005         0.0000     None   0.0000   0.0000     None   0.0000   1.0000     None   1.0000
Ezz6HDNHlnk_rally_0006         0.2000   0.8438   0.2500   0.0417   1.0000   0.0625   0.3750   0.2188   0.3750
Ezz6HDNHlnk_rally_0007         0.2439   0.9583   0.5000   0.0952   0.9583   0.2000   0.4706   0.1250   0.4000
Ezz6HDNHlnk_rally_0008         0.3846   0.5000   0.3571   0.0000   1.0000   0.0000   0.1739   0.5000   0.1429
HyUqT7zFiwk_rally_0001         0.7324   0.0750   0.6341   0.4368   0.3000   0.4634   0.7442   0.1000   0.7805
_L0HVmAlCQI_rally_0001         0.8393   0.1667   0.8246   0.5664   0.4167   0.5614   0.7826   0.1250   0.7895
wBu8bC4OfUY_rally_0001         0.5301   0.3529   0.4681   0.5217   0.7059   0.6383   0.6168   0.3824   0.7021
zwCtH_i1_S4_rally_0001         0.8000   0.0789   0.7442   0.6506   0.1579   0.6279   0.7955   0.0526   0.8140
